----------------------Scenariusz A----------------------

U1P	    104,54	0	98,16	2	84,75	1	78,52	0	365,97 
U2P	    96,85	0	93,23	2	118,09	4	106,98	1	415,15
U3P 	110,98	1	123,02	3	99,11	2	69,75	0	402,86
U4Z 	78,31	0	78,32	0	27,98	0	55,43	0	240,04
U5Z 	73,73	0	65,25	0	37,77	0	59,01	0	235,76

----------------------Scenariusz B---------------------- 

U6P	    148,26	1	88,99	1	74,55	1	139,97	1	451,77
U7P 	124,65	0	79,95	1	67,91	0	220,28	3	492,79
U8P 	131,93	1	82,91	1	68,37	0	90,91	0	374,12
U9Z	    87,17	0	52,02	0	20,93	0	54,21	0	214,33
U10Z    82,58	0	51,25	0	22,62	0	56,66	0	213,11